0.9058303487633849
0.15029128943466863
0.9167857089648103
0.30965608927883437
0.40801756727599725
0.2735034686700205
0.039442194502500416
0.431923368286806
0.6770257944147262
0.7462771797514499
0.7774196723103255
0.31612995703072033
0.9263319300783271
0.8451073594995536
0.8888673939768755
0.8659965747201894
0.008127295276443403
0.7048073418201178
0.8504476308134513
0.9106582919771438
0.9551977731245553
0.15091998647209315
0.3700278141217934
0.7439913050941727
0.006316232482948214
0.8474714254776059
0.011179302970321103
0.06060801163980167
0.82304068917728
0.13629191645563066
0.49292325361234934
0.5717447867183064
0.8568314024013008
0.45782483019693465
0.059010449783560515
0.28923388873633904
0.4010669117220824
0.5562675032855154
0.6274125289641169
0.19141832529753422
0.7413380235411501
0.13067223361464098
0.6030178286740585
0.24260986457272893
0.07691707655688063
0.5019508153268869
0.21327013254154603
0.5784919052848223
0.7029039987355393
0.20757856752467374
0.39633892537679993
0.9580286555972406
0.41940220158169217
0.4363186551695798
0.12418190978222643
0.7298297298595194
0.5183662052156244
0.42895280698416327
0.453194277953782
0.9697451320244969
0.6076944917410562
0.14582108483823775
0.9016624464990475
0.6840985313122945
0.671227337340883
0.6315053820197871
0.23873548348804363
0.6642759038329704
0.9294188676511399
0.1224279074878577
0.1430051236539186
0.22318802525925707
0.870573187868881
0.8611830702349501
0.988299890270194
0.7204871152657901
0.005041080677837928
0.7332046217973363
0.30749052636723206
0.470145231537046
